
A = sparse(3,4,0);
A(3,4)=1;
A(2,3)=-1;
A(2,2)=2;
A(1,2)=-1;
A(1,1)=1;

A2 = sparse(3,3,0);
A2(3,3)=1;
A2(2,2)=-1;
A2(2,2)=1;
A2(1,1)=1;

C = [3 2 -1 ];